Nodal displacements in global cartesian 
Node number         UX                    UY                    UM      
       1      0.0000000000000      0.0000000000000     -0.0000927179954
       2      0.0019198110424     -0.0021321167089     -0.0002297772370
       3      0.0002912046876     -0.0030452661922     -0.0002976564544
       4      0.0017038316522     -0.0066765303396      0.0003239855850
       5      0.0032108765810     -0.0058510604179      0.0005181333927
       6      0.0140418122329      0.0000000000000      0.0011891860242
********************************************************** 
Element calculation 
Element number      Total stress     
       1     -1318.6597199889598
       2     -1163.3952435413676
       3       810.7358562593936
       4     -2102.4940745315535
       5      3287.1861184205545
       6     -1894.1543976953737
       7     -2823.9450030141929
********************************************************** 
Force Vector 
Node number         FX                    FY                    M     
       1      0.0000000000015     97.3684210526318      0.0000000000000
       2     -0.0000000000002   -125.0000000000001      0.0000000000000
       3      0.0000000000003      0.0000000000000     -0.0000000000000
       4      0.0000000000000    -24.9999999999999      0.0000000000002
       5      0.0000000000001      0.0000000000017      0.0000000000016
       6     -0.0000000000001     52.6315789473657      0.0000000000001
